1588016654
1588019954
1588028954
1588041914
1588079234
1588080434
1588097174
1588099994
1588109114
1588138394
1588153634
1588213574
1588218014
1588254974
1588259414
1588290794
1588309754
1588323374
1588339814
1588354634
1588360274
1588360454
1588375394
1588428554
1588428794
1588444934
1588467554
1588489934
1588502834
1588531454
1588551974
1588570154
1588583114
1588584614
1588605434
1588605854
1588655054
1588658053
1588665494
1588680374
1588681814
1588704194
1588722074
1588732454
1588741394
1588741454
1588750334
1588760834
1588777214
1588786094
